48032.79559855129 152.98083350955815 312
48033.14208293776 153.39866648361848 313
48033.48817783354 153.81458701407394 314
48033.83388824918 154.22862559313887 315
48034.17921955549 154.64081238066683 316
48034.52417717522 155.0511770148389 317
48034.86876658295 155.4597486268768 318
48035.212993305046 155.8665558551713 319
48035.55686291963 156.271626858968 320
48035.90038105658 156.6749893315859 321
48036.24355339755 157.07667051324844 322
48036.586385676084 157.47669720344456 323
48036.928883677654 157.8750957729253 324
48037.27105323982 158.2718921753242 325
48037.61290025236 158.66711195839534 326
48037.954430657504 159.0607802749361 327
48038.29565045011 159.4529218933507 328
48038.636565677945 159.84356120790144 329
48038.97718244192 160.2327222486566 330
48039.31750689648 160.6204286911474 331
48039.65754524989 161.006703865746 332
48039.99730376466 161.39157076677057 333
48040.336788757944 161.7750520613293 334
48040.67600660197 162.15717009790455 335
48041.01496372457 162.53794691474712 336
48041.35366660968 162.91740424796677 337
48041.69212179785 163.29556353948135 338
48042.03033588693 163.67244594468454 339
48042.3683155326 164.04807233997332 340
48042.70606799091 164.4224633140267 341
48043.043598962 164.7956392378632 342
48043.380915811074 165.16762017925754 343
48043.718025432354 165.53842596974968 344
48044.0549347817 165.90807619658963 345
48044.39165087737 166.27659020917656 346
48044.728180801 166.64398712534492 347
48045.06453169853 167.01028583750326 348
48045.40071078119 167.3755050186318 349
48045.736725326526 167.7396631281442 350
48046.07258267947 168.10277841761885 351
48046.408290253516 168.4648689364046 352
48046.74385553182 168.82595253710645 353
48047.07928606849 169.18604688095547 354
48047.4145894898 169.54516944306786 355
48047.74977349556 169.90333751759738 356
48048.08484586045 170.26056822278554 357
48048.419814435474 170.6168785059142 358
48048.75468714942 170.97228514816382 359
48049.08947201043 171.32680476938162 360
48049.424177107576 171.68045383276387 361
48049.758810612504 172.03324864945537 362
48050.09338078119 172.38520538306992 363
48050.42789595571 172.73634005413533 364
48050.76236456606 173.08666854446665 365
48051.0967951321 173.43620660146982 366
48051.43119626553 173.78496984238058 367
48051.76557667193 174.1329737584403 368
48052.09994515295 174.48023371901257 369
48052.434310608405 174.82676497564356 370
48052.76868203868 175.1725826660686 371
48053.10306854699 175.51770181816815 372
48053.43747934192 175.86213735387616 373
48053.771923739885 176.2059040930433 374
48054.10641116781 176.54901675725748 375
48054.440951165816 176.89148997362526 376
48054.77555339005 177.23333827851582 377
48055.11022761558 177.57457612127044 378
48055.44498373946 177.91521786788027 379
48055.77983178379 178.25527780463472 380
48056.11478189899 178.59477014174274 381
48056.44984436716 178.93370901692995 382
48056.785029605526 179.27210849901383 383
48057.12034817004 179.60998259145933 384
48057.45581075911 179.94734523591762 385
48057.79142821745 180.2842103157501 386
48058.12721154009 180.6205916595404 387
48058.4631718765 180.95650304459667 388
48058.799320534905 181.29195820044663 389
48059.13566898671 181.6269708123275 390
48059.47222887114 181.96155452467403 391
48059.80901199998 182.29572294460627 392
48060.14603036261 182.6294896454202 393
48060.48329613106 182.962868170083 394
48060.82082166542 183.29587203473676 395
48061.15861951936 183.62851473221153 396
48061.49670244587 183.96080973555175 397
48061.83508340323 184.29277050155775 398
48062.17377556123 184.62441047434584 399
48062.51279230761 184.9557430889286 400
48062.8521472547 185.2867817748195 401
48063.191854246455 185.61753995966325 402
48063.53192736562 185.9480310728961 403
48063.872380941255 186.2782685494381 404
48064.21322955659 186.60826583342092 405
48064.554488057096 186.93803638195365 406
48064.89617155901 187.26759366893086 407
48065.23829545809 187.59695118888507 408
48065.580875438834 187.92612246088754 409
48065.923927484 188.25512103250102 410
48066.26746788461 188.5839604837876 411
48066.61151325025 188.91265443137542 412
48066.95608052 189.24121653258857 413
48067.30118697363 189.56966048964327 414
48067.646850243436 189.89800005391507 415
48067.99308832652 190.22624903028108 416
48068.33991959764 190.55442128154175 417
48068.687362822624 190.882530732926 418
48069.035437172395 191.21059137668576 419
48069.38416223761 191.5386172767835 420
48069.73355804408 191.8666225736788 421
48070.083645068684 192.19462148921855 422
48070.434444256294 192.52262833163692 423
